Lon     Lat     H       +-      Hcorr   Tdis    +-      Strike  +-      Dip     +-      AzConv  +-      Vtot    +-      Vc      +-      Age     +-      DesRat  +-      Phi/100 +-      MeanDis Thick   ef      NTot    %Below  MaxDep  Vsource PltPair         ASource Name                            Short
deg     deg     km      -       km      km      -       deg     -       deg     -       deg     +-      km/Ma   -       km/Ma   -       Ma      -       km/Ma   -       km      -       km      km      km      .       .       km      .       .               .       .                               .
-76.58  2.12    NULL    NULL    NULL    289.3   8.6     202.1   4.5     32.7    1.9     78.3    0.6     66.7    0.7     54.9    2.3     13.3    1.3     29.3    0.7     3.9     0.4     16.3    40.4    4.0     18      94      187.1   1       NZCA-SOAM       8       Colombia                        CO
-78.61  -1.78   NULL    NULL    NULL    303.3   43.7    185.0   0.0     19.3    4.7     80.0    0.0     69.4    0.4     67.0    0.4     18.0    1.2     22.2    4.8     4.0     0.6     22.6    49.2    5.6     55      98      644.3   1       NZCA-SOAM       8       Ecuador                         EC
-79.00  -6.8    NULL    NULL    NULL    NULL    NULL    160.0   14.1    10.0    0.4     80.7    0.5     72.9    0.7     69.5    3.1     29.0    0.4     12.0    0.7     3.5     0.5     13.5    48      6.3     81      95      642.0   1       NZCA-SOAM       8       North_Peru_Gap                  NPG
-76.80  -11.2   NULL    NULL    NULL    NULL    NULL    142.1   4.0     11.7    1.0     79.8    0.3     75.6    0.7     66.7    2.8     33.9    4.0     13.6    1.7     4.7     1.0     19.5    50.8    5.7     102     92      643.1   1       NZCA-SOAM       8       Cental_Peru_Gap                 CPG
-70.85  -16.61  99.6    3.8     114.3   260.7   9.2     133.9   4.3     28.7    1.0     77.0    0.4     78.4    0.2     65.1    3.2     42.1    0.9     31.4    4.4     13.4    2.1     16.2    47.2    6.4     139     91      251.3   1       NZCA-SOAM       8       Peru                            PE
-68.63  -20.83  112.5   5.6     127.5   294.3   13.9    171.4   3.3     29.3    1.0     76.0    0.0     79.9    0.1     79.0    0.5     46.2    0.6     38.7    1.1     17.8    0.7     14.8    32.4    6.6     498     98      290.7   1       NZCA-SOAM       8       North_Chile                     NC
-68.53  -24.72  109.8   7.1     123.0   306.2   15.4    182.1   2.0     23.6    1.9     76.0    0.0     80.7    0.4     77.4    0.7     42.8    0.6     30.9    2.4     13.3    1.2     12.9    34.4    6.0     253     94      273.9   1       NZCA-SOAM       8       North-Central_Chile             NCC
-69.5   -30.00  NULL    NULL    NULL    NULL    NULL    189.8   4.7     14.1    1.9     76.6    0.2     81.1    0.1     73.8    2.2     37.7    1.4     17.8    1.8     6.7     0.5     19.1    45.6    5.3     306     96      189.3   1       NZCA-SOAM       8       Central_Chile_Gap               CCG
-70.57  -35.24  102.9   6.1     114.4   265.0   7.0     194.8   2.3     27.5    0.8     77.2    0.2     81.0    0.2     71.6    1.5     32.4    0.8     33.1    1.4     10.7    0.3     10.6    20.8    5.1     59      100     185.4   1       NZCA-SOAM       8       Central_Chile                   CC
-72.8   -43.75  80.1    3.5     96.6    247.5   11.1    189.2   2.4     34.6    0.0     78.0    0.0     80.4    0.5     74.7    1.3     23.5    2.1     42.3    1.8     9.8     0.5     NULL    NULL    6.8     4       100     153.8   1       NZCA-SOAM       8       South-Central_Chile             SCC
-71.70  -39.5   NULL    NULL    NULL    216.4   2.9     189.2   2.4     NULL    NULL    78.0    0.0     79.6    0.5     74.9    0.2     10.3    3.6     NULL    NULL    NULL    NULL    NULL    -3996   NULL    NULL    NULL    NULL    1       NZCA-SOAM       8       South_Chile                     SC
-90.42  14.15   104.9   7.2     131.6   188.1   3.4     117.6   1.3     56.9    1.5     19.5    0.2     67.7    1.1     66.9    1.2     17.4    0.3     55.9    1.9     9.7     0.5     15.3    32      7.3     271     98      282.6   1,2     CARI-COCO       8       Guatemala/El_Salvador           GE
-86.70  12.5    132.9   4.1     164.0   178.3   1.6     129.4   3.1     62.2    0.6     21.1    0.2     75.5    0.6     71.1    0.9     17.5    0.3     62.8    0.7     11.0    0.2     14.0    35.6    7.3     160     94      221.8   1,2     CARI-COCO       8       Nicaragua                       NI
-84.73  10.47   96.5    8.0     120.6   165.0   4.3     132.3   1.8     58.9    4.6     23.0    0.0     80.1    0.7     75.4    1.6     15.8    0.2     63.9    2.5     10.1    0.5     12.2    65.2    6.7     10      90      208.5   1,2     CARI-COCO       8       Costa_Rica                      CR
-153.55 58.87   84.9    4.6     94.9    367.0   23.8    37.9    3.8     42.0    1.8     -21.7   0.9     57.4    0.5     49.0    2.9     47.1    0.8     33.0    2.9     15.6    1.6     8.7     28      3.7     25      92      200.5   1       PCFC-NOAM       8       Alaska                          AK
-158.80 56.53   92.1    4.9     103.2   279.6   17.2    51.5    3.7     45.0    1.3     -26.7   1.1     60.8    0.8     59.0    1.9     52.2    0.9     41.8    2.1     22.0    1.5     11.9    30      3.9     38      97      208.1   1       PCFC-NOAM       8       Alaska_Peninsula                AP
-165.97 54.13   85.4    5.2     98.8    210.0   11.8    63.9    2.0     45.6    1.2     -31.9   1.0     64.7    0.7     64.2    0.8     55.3    0.4     45.9    1.4     25.4    0.9     11.5    29.2    4.7     37      97      222.5   1       PCFC-NOAM       8       East_Aleut                      EA
-172.52 52.32   72.3    8.6     90.4    183.3   8.7     74.0    4.2     53.7    1.4     -36.3   0.9     68.3    0.7     63.4    1.9     55.9    0.4     51.0    0.8     28.4    0.5     10.7    31.6    5.4     91      91      270.3   1       PCFC-NOAM       8       Central_Aleut                   CA
-178.80 51.78   78.4    8.0     98.5    176.4   4.0     92.5    7.5     55.9    2.4     -41.0   0.7     71.5    0.4     50.2    7.4     56.1    0.5     42.0    6.7     23.5    3.7     15.2    29.2    5.6     146     98      261.1   1       PCFC-NOAM       8       West_Aleut                      WA
159.15  53.59   90.1    4.8     105.1   220.0   6.0     28.1    1.4     50.7    0.8     -52.3   0.5     76.3    0.3     75.1    0.7     92.9    2.2     58.2    0.8     54.1    1.8     13.7    35.2    4.8     141     98      651.8   1       PCFC-NOAM       8,9     Kamchatka                       KA
155.43  50.25   78.5    4.6     94.2    219.7   9.4     40.2    1.1     50.4    1.0     -55.6   0.5     78.8    0.3     78.3    0.3     105.6   0.5     60.2    0.7     63.6    0.5     19.0    45.6    5.0     221     100     686.0   1       PCFC-NOAM       8,9     North_Kurile                    NK
151.75  46.83   78.3    3.9     92.0    182.6   4.1     45.8    3.3     46.4    0.2     -58.5   0.5     80.5    0.2     77.4    1.3     108.5   0.8     56.0    0.9     60.7    0.6     21.8    45.2    4.7     137     99      505.5   1       PCFC-NOAM       8,9     South_Kurile                    SK
147.00  44.62   100.2   4.8     112.1   220.7   9.4     52.4    1.3     41.9    2.6     -61.6   0.5     81.8    0.6     74.7    0.6     115.2   1.4     49.7    2.2     57.2    2.0     22.5    42.8    4.4     305     99      207.6   1       PCFC-NOAM       8,9     Hokkaido                        HK
140.88  40.65   103.6   9.5     111.5   313.6   20.1    15.7    4.0     28.7    0.7     -65.0   0.0     82.9    0.2     81.6    0.9     129.3   1.1     39.2    0.7     50.7    1.1     15.3    36      3.5     321     99      363.8   1       PCFC-NOAM       8       North_Honshu                    NH
140.28  37.62   96.2    4.0     103.3   291.4   7.5     21.1    3.4     33.9    1.3     -65.7   0.3     83.3    0.2     82.7    0.5     130.5   0.9     46.3    1.7     60.4    2.0     22.5    48      3.0     75      100     372.4   1       PCFC-NOAM       8       Central_Honshu                  CH
139.77  33.13   117.0   4.4     130.2   221.0   11.2    -0.7    6.0     46.1    3.1     -86.9   0.6     46.3    1.4     45.6    1.7     135.4   0.9     32.6    0.8     44.1    1.3     17.6    42.4    4.6     147     97      443.7   2       PCFC-PHIL       8,9     Izu                             IZ
140.88  27.24   127.8   12.7    152.9   213.3   10.5    -12.2   10.7    62.8    1.2     -81.2   1.2     34.5    1.6     31.6    4.3     145.3   1.3     28.1    3.9     40.8    5.4     15.2    53.6    5.7     108     87      587.0   2       PCFC-PHIL       8,9     Bonin                           BO
143.44  21.93   145.8   15.2    171.5   195.0   5.8     324.2   6.9     61.5    1.7     -68.0   3.4     28.8    0.9     15.3    1.3     147.8   0.5     13.4    0.9     19.9    1.4     22.0    41.6    6.1     80      99      360.6   2       PCFC-PHIL       8,9     North_Marianas                  NM
145.83  17.6    134.2   11.8    156.2   222.8   8.4     -0.2    8.5     56.9    2.5     -59.1   1.8     24.5    1.4     20.5    0.4     151.6   1.4     17.1    0.6     25.9    0.7     21.8    48      6.0     268     97      635.7   2       PCFC-PHIL       8,9     South_Marianas                  SM
128.25  27.85   104.8   11.6    120.0   206.2   42.6    24.3    4.4     53.8    2.8     -55.3   0.5     73.8    1.5     72.0    2.6     27.0    1.7     57.6    0.6     15.6    1.0     9.5     26.8    4.5     32      97      270.3   2       PHIL-SOCH       8       Kyushu                          KY
130.57  31.22   71.5    23.0    83.3    187.5   25.0    60.5    39.0    43.5    3.0     -57.0   0.0     84.2    7.7     69.5    20.2    43.0    0       48.1    16.4    17.1    0       9.3     26.4    4.3     98      94      272.4   2       PHIL-SOCH       8       Ryukyu                          RY
125.52  9.59    120.8   15.0    139.8   183.0   19.6    186.4   13.2    57.4    3.5     119.1   0.4     100.9   1.3     87.7    8.2     32.4    2.3     73.1    5.0     23.6    3.2     11.1    31.6    5.1     122     93      247.0   2       SUND-PHIL       8       North_Philippines               NP
120.55  16.33   162.2   25.7    191.4   176.7   40.5    338.0   6.0     64.3    7.6     -63.5   0.4     105.0   1.4     69.0    9.8     59.8    0.4     62.0    11.3    36.3    8.1     16.9    47.6    6.3     54      94      339.4   2       PHIL-SUND       8       South_Philippines               SP
150.90  -5.53   126.6   35.8    159.6   157.7   15.7    76.8    7.2     68.2    3.0     55.3    2.8     82.1    1.7     29.7    6.5     NULL    NULL    27.4    6.0     NULL    NULL    15.7    45.6    6.1     247     98      603.9   3       PCFC-WLK        .       New_Britain                     NB
154.93  -5.83   154.0   20.2    191.0   149.0   38.1    123.8   12.2    70.4    5.3     45.6    0.5     96.8    4.9     93.0    8.6     NULL    NULL    87.5    10.7    NULL    NULL    15.6    40.8    6.2     278     97      519.2   3       PCFC-WLK        .       Solomon                         SO
167.47  -13.8   188.0   16.3    208.0   140.0   5.8     149.7   38.7    71.3    5.7     80.0    0.0     89.1    3.5     74.4    25.9    44.0    16.2    69.7    22.5    32.5    19.4    14.2    32      5.6     342     98      652.9   1       AUST-PCFC       9       North_Vanuatu                   NV
169.83  -20.2   101.8   40.2    147.6   115.0   26.1    134.2   23.3    66.8    1.3     81.5    0.6     76.1    2.6     57.3    21.3    50.0    0.0     52.5    19.1    26.2    9.5     14.4    30      6.1     135     97      294.5   1       AUST-PCFC       9       South_Vanuatu                   SV
-174.87 -19.18  88.1    5.9     110.4   193.0   6.7     18.9    3.6     52.4    0.7     -87.5   0.2     77.3    1.4     73.3    2.4     109.0   0.0     58.1    2.1     63.3    2.2     22.3    56      6.8     467     97      692.7   1       PCFC-AUST       9       Tonga                           TO
-178.47 -30.2   91.4    8.6     121.1   177.2   6.9     11.9    4.7     56.1    2.8     -89.3   0.3     66.3    3.0     64.6    3.7     105.6   2.8     53.5    2.4     56.6    3.9     17.3    48.4    8.3     294     95      695.6   1       PCFC-AUST       9       Kermadec                        KE
176.98  -37.86  123.4   19.6    146.8   244.0   11.2    40.7    7.4     52.0    2.0     -96.4   1.1     45.5    1.5     30.4    5.7     100.0   0.0     24.2    5.1     24.2    5.1     18.7    56      7.2     38      92      302.8   1       PCFC-AUST       9       New_Zealand                     NZ
97.60   3.87    119.3   11.1    138.3   320.7   19.9    134.9   2.7     49.1    1.6     8.4     1.0     51.7    1.2     41.5    2.1     48.3    1.9     31.2    1.3     15.1    0.6     24.6    56.4    6.2     28      93      239.7   2       AUST-SUND       8       North_Sumatra                   NS
99.98   0.08    100.6   9.1     118.3   316.2   11.0    145.9   2.1     46.4    0.8     12.1    1.0     55.5    0.7     40.0    1.8     54.8    3.9     29.0    1.6     15.9    1.7     17.9    36.4    6.1     39      97      230.5   2       AUST-SUND       8       Central_Sumatra                 CS
102.37  -3.38   88.7    9.8     108.0   293.5   9.2     139.6   3.6     50.2    0.5     15.4    0.4     59.1    0.7     48.7    2.5     68.9    2.4     37.4    1.7     25.9    2.1     21.8    49.6    6.5     59      100     265.5   2       AUST-SUND       8       South_Sumatra                   SS
106.68  -6.75   90.3    6.8     109.3   273.2   8.9     122.5   3.7     49.3    0.5     17.0    0.0     63.6    0.8     61.0    1.6     85.5    3.9     46.3    1.2     39.6    2.6     21.8    61.2    6.2     46      98      648.8   2       AUST-SUND       8       Sunda_Strait                    ST
111.76  -7.81   151.9   11.1    172.4   306.7   12.6    101.6   3.0     45.8    1.2     16.0    0.0     68.2    0.8     67.8    1.0     111.2   5.2     48.6    0.6     54.0    2.5     25.8    57.2    7.2     34      100     649.2   2       AUST-SUND       8       Java                            JV
116.47  -8.42   167.4   12.9    186.8   322.1   11.7    95.4    4.2     45.9    3.2     15.0    0.4     71.1    0.7     69.8    0.4     134.9   4.5     50.1    2.4     67.7    5.3     24.0    74      7.3     26      96      636.6   2       AUST-SUND       8       Bali/Lombok                     BL
121.83  -8.76   115.0   6.9     119.6   255.0   17.6    88.8    2.0     54.4    2.2     13.0    0.0     76.1    0.3     73.6    0.5     NULL    NULL    59.8    1.3     NULL    NULL    22.6    48.8    6.1     30      100     644.4   2       AUST-SUND       8       West_Banda_Sea                  WB
129.50  -6.73   141.8   22.0    160.5   280.0   20.8    30.0    15.8    48.0    4.3     11.2    0.5     78.8    0.4     25.3    19.1    NULL    NULL    19.5    15.0    NULL    NULL    20.4    55.6    6.3     47      96      462.9   2       AUST-SUND       8       East_Banda_Sea                  EB
-61.67  16.05   107.8   5.1     120.5   213.5   23.1    322.4   6.0     49.8    0.4     -105.0  0.0     19.3    0.2     17.6    0.8     83.0    0.8     13.4    0.6     11.1    0.5     9.5     33.2    4.1     32      91      147.1   2       CARI-NOAM       8       North_Lesser_Antilles           NA
-61.18  13.33   121.8   4.7     136.2   242.0   21.1    6.6     10.9    42.4    3.9     -105.0  0.0     19.6    0.1     17.9    0.9     86.6    1.7     12.1    1.5     10.4    1.1     11.1    35.2    5.3     11      100     182.8   2       CARI-NOAM       8       South_Lesser_Antilles           SA
-26.45  -57.78  95.7    21.2    133.6   131.4   18.4    -14.7   26.9    64.6    3.4     -118.4  0.4     7.3     0.1     6.0     1.4     59.1    15.3    5.4     1.3     3.5     1.3     20.7    42.4    8.1     154     96      284.9   7       SCOT-SOAM       8       Scotia                          SCO