Lon     Lat     H       Tdis    Strike  Dip     AZconv  Vtot    Vcorr   Age     DesRat  Phi/100 Front   Name                              ArcName
144.90  20.53   128     190     -31     60      -67     30.2    17.7    148.0   15.3    22.7    y       FARALLON_DE_PAJAROS(URACAS)       North_Marianas
145.10  20.13   139     200     -33     61      -69     31.6    18.8    148.0   16.4    24.2    y       SUPPLY_REEF                       North_Marianas
145.00  20.10   162     200     -33     61      -69     31.9    18.7    148.0   16.3    24.1    y       MAUG                              North_Marianas
145.40  19.67   129     200     -16     61      -73     33.2    27.8    149.0   24.3    36.2    y       ASUNCION                          South_Marianas
145.67  18.77   117     215     -17     61      -76     36.9    31.7    149.0   27.8    41.4    y       AGRIGAN                           South_Marianas
145.80  18.13   119     225     -8      58      -78     39.6    37.3    150.0   31.6    47.3    y       PAGAN                             South_Marianas
145.83  17.60   125     230     -5      58      -79     42.0    40.3    151.0   34.1    51.5    y       ALAMAGAN                          South_Marianas
145.85  17.32   124     230     -2      58      -79     43.2    42.2    151.0   35.6    53.8    y       GUGUAN                            South_Marianas
145.78  16.71   135     240     4       58      -79     46.0    45.7    152.0   38.7    58.8    y       SARIGAN                           South_Marianas
145.67  16.35   160     235     9       55      -79     47.7    47.7    153.0   39.1    59.9    y       ANATAHAN                          South_Marianas
145.57  15.62   132     215     13      54      -80     51.1    51.0    154.0   41.3    63.6    y       RUBY                              South_Marianas
145.25  15.00   167     215     20      49      -79     54.1    53.5    155.0   40.5    62.8    y       ESMERALDA_BANK                    South_Marianas
147.88  -5.59   143     170     98      71      -11     58.3    51.1    NULL    48.3    NULL    y       UMBOI                             New_Britain
148.12  -5.52   230     185     95      72      -11     63.3    61.3    NULL    58.3    NULL    y       RITTER_ISLAND                     New_Britain
148.42  -5.53   226     190     86      73      -10     69.1    67.4    NULL    64.5    NULL    y       LANGILA                           New_Britain
150.03  -5.45   131     170     80      71      -8      100.7   100.7   NULL    95.2    NULL    y       GARBUNA_GROUP                     New_Britain
150.09  -5.27   228     190     80      72      -10     102.4   102.4   NULL    97.4    NULL    n       GARUA_HARBOUR                     New_Britain
150.52  -5.58   67      130     74      72      -6      110.0   108.2   NULL    102.9   NULL    y       PAGO                              New_Britain
150.90  -5.53   53      120     68      70      -6      117.5   112.6   NULL    105.8   NULL    y       WALO                              New_Britain
151.10  -5.33   72      130     66      69      -8      121.9   118.0   NULL    110.2   NULL    y       HARGY                             New_Britain
151.16  -4.92   176     170     66      66      -11     124.4   121.4   NULL    110.9   NULL    n       LOLOBAU                           New_Britain
151.23  -5.20   86      140     66      67      -9      124.8   119.6   NULL    110.1   NULL    y       BAMUS                             New_Britain
151.33  -5.05   108     150     66      65      -10     127.3   123.5   NULL    111.9   NULL    y       ULAWUN                            New_Britain
152.20  -4.27   148     195     80      56      -15     147.4   141.5   NULL    117.3   NULL    y       RABAUL                            New_Britain
167.83  -15.40  163     145     156     72      60      40.0    39.8    53.0    37.9    20.1    y       AOBA                              North_Vanuatu
168.12  -16.25  154     145     162     72      60      41.0    40.1    52.0    38.1    19.8    y       AMBRYM                            North_Vanuatu
168.28  -16.73  158     145     168     70      60      41.0    39.0    50.0    36.6    18.3    y       TAVANI_KUTALI                     North_Vanuatu
168.33  -17.45  92      120     154     68      68      103.0   102.8   50.0    95.3    47.7    y       NORTH_VATE                        South_Vanuatu
169.23  -18.75  196     150     152     70      67      113.0   112.5   50.0    105.7   52.9    y       TRAITOR'S_HEAD(ERROMANGO)         South_Vanuatu
169.43  -19.52  127     135     155     66      67      118.0   117.9   50.0    107.7   53.9    y       YASUR(TANNA)                      South_Vanuatu
169.83  -20.20  142     140     153     64      67      118.0   117.6   50.0    105.7   52.8    y       ANEITYUM                          South_Vanuatu
-173.67 -15.58  57      135     -11     54      -75     240.7   217.6   109.0   175.2   190.9   n       N(near_Curacoa)                   Tonga
-175.63 -15.60  308     325     -4      54      -82     234.2   229.8   109.0   186.0   202.8   n       NIVAFO'OU                         Tonga
-173.67 -15.62  58      145     -9      54      -75     240.1   220.1   109.0   177.3   193.2   y       CURACOA                           Tonga
-173.72 -16.85  53      160     9       53      -74     219.7   218.1   109.0   174.5   190.2   y       M(near_Tafahi)                    Tonga
-173.92 -16.23  86      195     6       54      -76     229.0   226.6   109.0   182.6   199.0   y       L                                 Tonga
-173.75 -16.53  61      170     7       53      -75     224.8   222.6   109.0   177.8   193.9   y       K                                 Tonga
-173.97 -17.25  73      175     11      53      -75     212.0   211.3   109.0   167.9   183.0   y       J                                 Tonga
-174.17 -17.58  89      185     14      51      -75     205.7   205.7   109.0   160.7   175.2   y       I                                 Tonga
-174.25 -17.87  89      190     14      51      -75     200.6   200.5   109.0   156.4   170.4   y       H                                 Tonga
-174.32 -18.02  93      195     15      52      -75     197.8   197.8   109.0   155.6   169.6   y       FONUALEI                          Tonga
-174.33 -18.05  93      190     14      52      -75     197.3   197.2   109.0   154.7   168.7   n       G(near_Fonualei)                  Tonga
-174.33 -18.33  83      185     20      51      -75     192.6   192.1   109.0   149.9   163.4   y       F                                 Tonga
-174.65 -18.81  95      205     24      52      -76     183.4   181.0   109.0   143.1   156.0   y       LATE                              Tonga
-174.78 -18.99  99      210     25      53      -76     179.8   176.7   109.0   141.2   153.9   y       HOME_REEF                         Tonga
-174.87 -19.18  100     215     26      54      -76     176.3   172.6   109.0   138.9   151.4   y       METIS_SHOAL                       Tonga
-174.92 -19.45  88      205     25      54      -76     171.6   168.7   109.0   136.4   148.7   y       D                                 Tonga
-175.07 -19.75  87      210     22      55      -76     166.0   164.3   109.0   134.1   146.2   y       TOFUA                             Tonga
-175.15 -20.13  77      200     21      55      -76     159.4   158.3   109.0   129.2   140.8   y       C                                 Tonga
-175.42 -20.32  108     215     19      54      -77     155.2   154.3   109.0   124.4   135.6   n       FALCON_ISLAND                     Tonga
-175.37 -20.33  98      205     18      54      -77     155.2   154.5   109.0   124.6   135.8   n       Fonua_Fo'ou                       Tonga
-175.38 -20.57  89      215     15      52      -77     151.1   151.0   109.0   119.5   130.3   y       UNNAMED(3)                        Tonga
-175.45 -20.70  94      210     12      51      -77     148.7   148.7   109.0   115.8   126.2   n       B_S                               Tonga
-175.53 -20.58  113     215     18      52      -78     150.4   149.8   109.0   118.2   128.9   n       B_(W_Hunga-Ha'apai)               Tonga
-175.55 -20.83  104     210     17      51      -77     146.1   145.7   109.0   112.7   122.9   n       A_S                               Tonga
-175.53 -20.83  101     205     16      50      -77     146.2   145.9   109.0   112.4   122.6   n       A_N                               Tonga
-175.53 -20.85  100     205     17      50      -77     145.8   145.5   109.0   112.0   122.1   y       UNNAMED(2)                        Tonga
-175.75 -21.15  117     215     19      49      -78     140.0   138.8   109.0   104.2   113.6   n       1                                 Tonga
-175.65 -21.38  93      195     20      48      -77     136.5   135.3   109.0   101.2   110.3   y       UNNAMED(1)                        Tonga
-175.75 -21.38  105     205     21      48      -78     136.1   134.4   109.0   100.4   109.5   n       2.5                               Tonga
-175.93 -21.83  100     195     28      50      -78     127.9   123.1   109.0   93.7    102.1   y       3                                 Tonga
-176.03 -22.02  99      200     29      51      -79     124.4   118.8   109.0   91.8    100.1   y       5a_N                              Tonga
-176.10 -22.08  103     200     29      51      -79     123.1   117.4   109.0   91.0    99.2    y       5_SW                              Tonga
-176.23 -22.13  115     205     28      52      -80     121.9   115.9   109.0   90.7    98.9    n       4_S                               Tonga
-176.20 -22.18  108     200     28      52      -79     121.1   115.2   109.0   90.4    98.5    y       cone_SE_of_Volc_4                 Tonga
-176.28 -22.00  130     220     28      51      -80     124.0   118.0   109.0   91.5    99.7    n       4                                 Tonga
-176.35 -22.47  107     200     25      53      -80     115.7   111.5   109.0   88.6    96.6    y       6.5                               Tonga
-176.43 -22.55  112     200     25      53      -81     114.2   109.9   109.0   87.8    95.7    n       7B                                Tonga
-176.38 -22.70  95      190     25      53      -80     111.7   107.7   109.0   86.4    94.2    y       7                                 Tonga
-176.45 -22.85  95      190     25      54      -80     109.0   105.2   109.0   85.0    92.6    n       8                                 Tonga
-176.40 -22.98  78      180     26      54      -80     106.9   102.9   109.0   83.4    90.9    y       8_miles_S_of_Volc_8               Tonga
-28.08  -55.92  54      90      -57     72      -101    69.2    48.4    73.5    46.0    33.8    y       PROTECTOR_SHOAL                   Scotia
-27.57  -56.30  79      135     -45     68      -102    70.3    59.3    70.0    55.0    38.5    y       ZAVODOVSKI                        Scotia
-27.15  -56.70  102     155     -35     66      -103    71.4    66.2    64.5    60.5    39.0    n       HODSON(VISOKOI)                   Scotia
-26.72  -57.08  93      155     -20     63      -103    72.4    71.9    59.5    64.1    38.1    y       CANDLEMAS_ISLAND                  Scotia
-26.45  -57.78  93      160     -1      60      -104    74.2    72.4    51.5    62.7    32.3    y       MICHAEL(SAUNDERS)                 Scotia
-26.58  -59.03  100     135     9       64      -103    77.1    71.5    29.5    64.3    19.0    y       BRISTOL_ISLAND                    Scotia
-27.37  -59.45  147     125     46      59      -101    77.9    41.1    28.0    35.2    9.9     y       THULE_ISLANDS                     Scotia